0.00000000 0.04907507 0.09807624 0.14692980 0.19556230 0.24390077 0.29187281 0.33940682
0.38643204 0.43287879 0.47867855 0.52376413 0.56806979 0.61153139 0.65408650 0.69567451
0.73623682 0.77571688 0.81406032 0.85121510 0.88713154 0.92176250 0.95506338 0.98699227
1.01751000 1.04658022 1.07416947 1.10024722 1.12478592 1.14776110 1.16915132 1.18893827
1.20710678 1.22364481 1.23854349 1.25179710 1.26340309 1.27336205 1.28167770 1.28835685
1.29340938 1.29684821 1.29868924 1.29895130 1.29765607 1.29482807 1.29049452 1.28468532
1.27743292 1.26877228 1.25874071 1.24737783 1.23472545 1.22082744 1.20572962 1.18947968
1.17212700 1.15372257 1.13431885 1.11396962 1.09272989 1.07065569 1.04780403 1.02423266
1.00000000 0.97516498 0.94978689 0.92392522 0.89763957 0.87098944 0.84403417 0.81683272
0.78944356 0.76192458 0.73433288 0.70672469 0.67915522 0.65167853 0.62434742 0.59721332
0.57032614 0.54373419 0.51748407 0.49162054 0.46618646 0.44122269 0.41676798 0.39285892
0.36952985 0.34681278 0.32473736 0.30333080 0.28261781 0.26262059 0.24335876 0.22484935
0.20710678 0.19014282 0.17396659 0.15858459 0.14400064 0.13021596 0.11722914 0.10503616
0.09363047 0.08300297 0.07314211 0.06403389 0.05566193 0.04800756 0.04104987 0.03476575
0.02913004 0.02411556 0.01969321 0.01583209 0.01249956 0.00966139 0.00728181 0.00532369
0.00374861 0.00251696 0.00158814 0.00092059 0.00047198 0.00019933 0.00005910 0.00000739
0.00000000 -0.00000739 -0.00005910 -0.00019933 -0.00047198 -0.00092059 -0.00158814 -0.00251696
-0.00374861 -0.00532369 -0.00728181 -0.00966139 -0.01249956 -0.01583209 -0.01969321 -0.02411556
-0.02913004 -0.03476575 -0.04104987 -0.04800756 -0.05566193 -0.06403389 -0.07314211 -0.08300297
-0.09363047 -0.10503616 -0.11722914 -0.13021596 -0.14400064 -0.15858459 -0.17396659 -0.19014282
-0.20710678 -0.22484935 -0.24335876 -0.26262059 -0.28261781 -0.30333080 -0.32473736 -0.34681278
-0.36952985 -0.39285892 -0.41676798 -0.44122269 -0.46618646 -0.49162054 -0.51748407 -0.54373419
-0.57032614 -0.59721332 -0.62434742 -0.65167853 -0.67915522 -0.70672469 -0.73433288 -0.76192458
-0.78944356 -0.81683272 -0.84403417 -0.87098944 -0.89763957 -0.92392522 -0.94978689 -0.97516498
-1.00000000 -1.02423266 -1.04780403 -1.07065569 -1.09272989 -1.11396962 -1.13431885 -1.15372257
-1.17212700 -1.18947968 -1.20572962 -1.22082744 -1.23472545 -1.24737783 -1.25874071 -1.26877228
-1.27743292 -1.28468532 -1.29049452 -1.29482807 -1.29765607 -1.29895130 -1.29868924 -1.29684821
-1.29340938 -1.28835685 -1.28167770 -1.27336205 -1.26340309 -1.25179710 -1.23854349 -1.22364481
-1.20710678 -1.18893827 -1.16915132 -1.14776110 -1.12478592 -1.10024722 -1.07416947 -1.04658022
-1.01751000 -0.98699227 -0.95506338 -0.92176250 -0.88713154 -0.85121510 -0.81406032 -0.77571688
-0.73623682 -0.69567451 -0.65408650 -0.61153139 -0.56806979 -0.52376413 -0.47867855 -0.43287879
-0.38643204 -0.33940682 -0.29187281 -0.24390077 -0.19556230 -0.14692980 -0.09807624 -0.04907507
-0.00000000 0.04907507 0.09807624 0.14692980 0.19556230 0.24390077 0.29187281 0.33940682
0.38643204 0.43287879 0.47867855 0.52376413 0.56806979 0.61153139 0.65408650 0.69567451
0.73623682 0.77571688 0.81406032 0.85121510 0.88713154 0.92176250 0.95506338 0.98699227
1.01751000 1.04658022 1.07416947 1.10024722 1.12478592 1.14776110 1.16915132 1.18893827
1.20710678 1.22364481 1.23854349 1.25179710 1.26340309 1.27336205 1.28167770 1.28835685
1.29340938 1.29684821 1.29868924 1.29895130 1.29765607 1.29482807 1.29049452 1.28468532
1.27743292 1.26877228 1.25874071 1.24737783 1.23472545 1.22082744 1.20572962 1.18947968
1.17212700 1.15372257 1.13431885 1.11396962 1.09272989 1.07065569 1.04780403 1.02423266
1.00000000 0.97516498 0.94978689 0.92392522 0.89763957 0.87098944 0.84403417 0.81683272
0.78944356 0.76192458 0.73433288 0.70672469 0.67915522 0.65167853 0.62434742 0.59721332
0.57032614 0.54373419 0.51748407 0.49162054 0.46618646 0.44122269 0.41676798 0.39285892
0.36952985 0.34681278 0.32473736 0.30333080 0.28261781 0.26262059 0.24335876 0.22484935
0.20710678 0.19014282 0.17396659 0.15858459 0.14400064 0.13021596 0.11722914 0.10503616
0.09363047 0.08300297 0.07314211 0.06403389 0.05566193 0.04800756 0.04104987 0.03476575
0.02913004 0.02411556 0.01969321 0.01583209 0.01249956 0.00966139 0.00728181 0.00532369
0.00374861 0.00251696 0.00158814 0.00092059 0.00047198 0.00019933 0.00005910 0.00000739
0.00000000 -0.00000739 -0.00005910 -0.00019933 -0.00047198 -0.00092059 -0.00158814 -0.00251696
-0.00374861 -0.00532369 -0.00728181 -0.00966139 -0.01249956 -0.01583209 -0.01969321 -0.02411556
-0.02913004 -0.03476575 -0.04104987 -0.04800756 -0.05566193 -0.06403389 -0.07314211 -0.08300297
-0.09363047 -0.10503616 -0.11722914 -0.13021596 -0.14400064 -0.15858459 -0.17396659 -0.19014282
-0.20710678 -0.22484935 -0.24335876 -0.26262059 -0.28261781 -0.30333080 -0.32473736 -0.34681278
-0.36952985 -0.39285892 -0.41676798 -0.44122269 -0.46618646 -0.49162054 -0.51748407 -0.54373419
-0.57032614 -0.59721332 -0.62434742 -0.65167853 -0.67915522 -0.70672469 -0.73433288 -0.76192458
-0.78944356 -0.81683272 -0.84403417 -0.87098944 -0.89763957 -0.92392522 -0.94978689 -0.97516498
-1.00000000 -1.02423266 -1.04780403 -1.07065569 -1.09272989 -1.11396962 -1.13431885 -1.15372257
-1.17212700 -1.18947968 -1.20572962 -1.22082744 -1.23472545 -1.24737783 -1.25874071 -1.26877228
-1.27743292 -1.28468532 -1.29049452 -1.29482807 -1.29765607 -1.29895130 -1.29868924 -1.29684821
-1.29340938 -1.28835685 -1.28167770 -1.27336205 -1.26340309 -1.25179710 -1.23854349 -1.22364481
-1.20710678 -1.18893827 -1.16915132 -1.14776110 -1.12478592 -1.10024722 -1.07416947 -1.04658022
-1.01751000 -0.98699227 -0.95506338 -0.92176250 -0.88713154 -0.85121510 -0.81406032 -0.77571688
-0.73623682 -0.69567451 -0.65408650 -0.61153139 -0.56806979 -0.52376413 -0.47867855 -0.43287879
-0.38643204 -0.33940682 -0.29187281 -0.24390077 -0.19556230 -0.14692980 -0.09807624 -0.04907507
-0.00000000 0.04907507 0.09807624 0.14692980 0.19556230 0.24390077 0.29187281 0.33940682
0.38643204 0.43287879 0.47867855 0.52376413 0.56806979 0.61153139 0.65408650 0.69567451
0.73623682 0.77571688 0.81406032 0.85121510 0.88713154 0.92176250 0.95506338 0.98699227
1.01751000 1.04658022 1.07416947 1.10024722 1.12478592 1.14776110 1.16915132 1.18893827
1.20710678 1.22364481 1.23854349 1.25179710 1.26340309 1.27336205 1.28167770 1.28835685
1.29340938 1.29684821 1.29868924 1.29895130 1.29765607 1.29482807 1.29049452 1.28468532
1.27743292 1.26877228 1.25874071 1.24737783 1.23472545 1.22082744 1.20572962 1.18947968
1.17212700 1.15372257 1.13431885 1.11396962 1.09272989 1.07065569 1.04780403 1.02423266
1.00000000 0.97516498 0.94978689 0.92392522 0.89763957 0.87098944 0.84403417 0.81683272
0.78944356 0.76192458 0.73433288 0.70672469 0.67915522 0.65167853 0.62434742 0.59721332
0.57032614 0.54373419 0.51748407 0.49162054 0.46618646 0.44122269 0.41676798 0.39285892
0.36952985 0.34681278 0.32473736 0.30333080 0.28261781 0.26262059 0.24335876 0.22484935
0.20710678 0.19014282 0.17396659 0.15858459 0.14400064 0.13021596 0.11722914 0.10503616
0.09363047 0.08300297 0.07314211 0.06403389 0.05566193 0.04800756 0.04104987 0.03476575
0.02913004 0.02411556 0.01969321 0.01583209 0.01249956 0.00966139 0.00728181 0.00532369
0.00374861 0.00251696 0.00158814 0.00092059 0.00047198 0.00019933 0.00005910 0.00000739
0.00000000 -0.00000739 -0.00005910 -0.00019933 -0.00047198 -0.00092059 -0.00158814 -0.00251696
-0.00374861 -0.00532369 -0.00728181 -0.00966139 -0.01249956 -0.01583209 -0.01969321 -0.02411556
-0.02913004 -0.03476575 -0.04104987 -0.04800756 -0.05566193 -0.06403389 -0.07314211 -0.08300297
-0.09363047 -0.10503616 -0.11722914 -0.13021596 -0.14400064 -0.15858459 -0.17396659 -0.19014282
-0.20710678 -0.22484935 -0.24335876 -0.26262059 -0.28261781 -0.30333080 -0.32473736 -0.34681278
-0.36952985 -0.39285892 -0.41676798 -0.44122269 -0.46618646 -0.49162054 -0.51748407 -0.54373419
-0.57032614 -0.59721332 -0.62434742 -0.65167853 -0.67915522 -0.70672469 -0.73433288 -0.76192458
-0.78944356 -0.81683272 -0.84403417 -0.87098944 -0.89763957 -0.92392522 -0.94978689 -0.97516498
-1.00000000 -1.02423266 -1.04780403 -1.07065569 -1.09272989 -1.11396962 -1.13431885 -1.15372257
-1.17212700 -1.18947968 -1.20572962 -1.22082744 -1.23472545 -1.24737783 -1.25874071 -1.26877228
-1.27743292 -1.28468532 -1.29049452 -1.29482807 -1.29765607 -1.29895130 -1.29868924 -1.29684821
-1.29340938 -1.28835685 -1.28167770 -1.27336205 -1.26340309 -1.25179710 -1.23854349 -1.22364481
-1.20710678 -1.18893827 -1.16915132 -1.14776110 -1.12478592 -1.10024722 -1.07416947 -1.04658022
-1.01751000 -0.98699227 -0.95506338 -0.92176250 -0.88713154 -0.85121510 -0.81406032 -0.77571688
-0.73623682 -0.69567451 -0.65408650 -0.61153139 -0.56806979 -0.52376413 -0.47867855 -0.43287879
-0.38643204 -0.33940682 -0.29187281 -0.24390077 -0.19556230 -0.14692980 -0.09807624 -0.04907507
-0.00000000 0.04907507 0.09807624 0.14692980 0.19556230 0.24390077 0.29187281 0.33940682
0.38643204 0.43287879 0.47867855 0.52376413 0.56806979 0.61153139 0.65408650 0.69567451
0.73623682 0.77571688 0.81406032 0.85121510 0.88713154 0.92176250 0.95506338 0.98699227
1.01751000 1.04658022 1.07416947 1.10024722 1.12478592 1.14776110 1.16915132 1.18893827
1.20710678 1.22364481 1.23854349 1.25179710 1.26340309 1.27336205 1.28167770 1.28835685
1.29340938 1.29684821 1.29868924 1.29895130 1.29765607 1.29482807 1.29049452 1.28468532
1.27743292 1.26877228 1.25874071 1.24737783 1.23472545 1.22082744 1.20572962 1.18947968
1.17212700 1.15372257 1.13431885 1.11396962 1.09272989 1.07065569 1.04780403 1.02423266
1.00000000 0.97516498 0.94978689 0.92392522 0.89763957 0.87098944 0.84403417 0.81683272
0.78944356 0.76192458 0.73433288 0.70672469 0.67915522 0.65167853 0.62434742 0.59721332
0.57032614 0.54373419 0.51748407 0.49162054 0.46618646 0.44122269 0.41676798 0.39285892
0.36952985 0.34681278 0.32473736 0.30333080 0.28261781 0.26262059 0.24335876 0.22484935
0.20710678 0.19014282 0.17396659 0.15858459 0.14400064 0.13021596 0.11722914 0.10503616
0.09363047 0.08300297 0.07314211 0.06403389 0.05566193 0.04800756 0.04104987 0.03476575
0.02913004 0.02411556 0.01969321 0.01583209 0.01249956 0.00966139 0.00728181 0.00532369
0.00374861 0.00251696 0.00158814 0.00092059 0.00047198 0.00019933 0.00005910 0.00000739
0.00000000 -0.00000739 -0.00005910 -0.00019933 -0.00047198 -0.00092059 -0.00158814 -0.00251696
-0.00374861 -0.00532369 -0.00728181 -0.00966139 -0.01249956 -0.01583209 -0.01969321 -0.02411556
-0.02913004 -0.03476575 -0.04104987 -0.04800756 -0.05566193 -0.06403389 -0.07314211 -0.08300297
-0.09363047 -0.10503616 -0.11722914 -0.13021596 -0.14400064 -0.15858459 -0.17396659 -0.19014282
-0.20710678 -0.22484935 -0.24335876 -0.26262059 -0.28261781 -0.30333080 -0.32473736 -0.34681278
-0.36952985 -0.39285892 -0.41676798 -0.44122269 -0.46618646 -0.49162054 -0.51748407 -0.54373419
-0.57032614 -0.59721332 -0.62434742 -0.65167853 -0.67915522 -0.70672469 -0.73433288 -0.76192458
-0.78944356 -0.81683272 -0.84403417 -0.87098944 -0.89763957 -0.92392522 -0.94978689 -0.97516498
-1.00000000 -1.02423266 -1.04780403 -1.07065569 -1.09272989 -1.11396962 -1.13431885 -1.15372257
-1.17212700 -1.18947968 -1.20572962 -1.22082744 -1.23472545 -1.24737783 -1.25874071 -1.26877228
-1.27743292 -1.28468532 -1.29049452 -1.29482807 -1.29765607 -1.29895130 -1.29868924 -1.29684821
-1.29340938 -1.28835685 -1.28167770 -1.27336205 -1.26340309 -1.25179710 -1.23854349 -1.22364481
-1.20710678 -1.18893827 -1.16915132 -1.14776110 -1.12478592 -1.10024722 -1.07416947 -1.04658022
-1.01751000 -0.98699227 -0.95506338 -0.92176250 -0.88713154 -0.85121510 -0.81406032 -0.77571688
-0.73623682 -0.69567451 -0.65408650 -0.61153139 -0.56806979 -0.52376413 -0.47867855 -0.43287879
-0.38643204 -0.33940682 -0.29187281 -0.24390077 -0.19556230 -0.14692980 -0.09807624 -0.04907507